5 0.788092 0.435352 0.419121 0.343458
5 0.407950 0.159921 0.110757 0.092746
5 0.318532 0.193528 0.106198 0.087015
5 0.230113 0.216762 0.098763 0.086258
5 0.147118 0.244184 0.109177 0.092275
5 0.055484 0.275963 0.108245 0.089082
5 0.522911 0.363290 0.106198 0.087015
5 0.434372 0.391592 0.106016 0.091334
5 0.346825 0.420426 0.109177 0.092275
5 0.260037 0.449025 0.109825 0.089553
5 0.171557 0.474792 0.105732 0.085419
5 0.079003 0.504400 0.108934 0.085020
5 0.589374 0.579185 0.111871 0.091621
5 0.501653 0.604718 0.109359 0.087957
5 0.410486 0.638030 0.103038 0.086074
5 0.325973 0.665923 0.099878 0.085133
5 0.236150 0.695463 0.103686 0.083353
5 0.145748 0.717634 0.114849 0.096879
5 0.654959 0.800387 0.111871 0.091621
5 0.564669 0.828394 0.102106 0.082882
5 0.480915 0.856051 0.107779 0.087486
5 0.390859 0.884824 0.106664 0.088612
5 0.300803 0.913598 0.102754 0.080160
5 0.208882 0.936240 0.125263 0.102897
