5 0.204849 0.545608 0.369565 0.253378
5 0.503344 0.149493 0.096990 0.069257
5 0.603679 0.155405 0.093645 0.064189
5 0.699833 0.151182 0.085284 0.065878
5 0.791806 0.152872 0.095318 0.069257
5 0.893813 0.156250 0.095318 0.065878
5 0.449833 0.390203 0.093645 0.064189
5 0.547659 0.391047 0.091973 0.069257
5 0.644649 0.392736 0.095318 0.069257
5 0.740803 0.394426 0.096990 0.065878
5 0.837793 0.392736 0.093645 0.062500
5 0.940635 0.393581 0.098662 0.060811
5 0.448997 0.628378 0.098662 0.067568
5 0.545151 0.626689 0.096990 0.064189
5 0.647157 0.631757 0.090301 0.064189
5 0.740803 0.633446 0.086957 0.064189
5 0.840301 0.635135 0.091973 0.060811
5 0.938127 0.629223 0.100334 0.072635
5 0.450669 0.871622 0.098662 0.067568
5 0.550167 0.871622 0.090301 0.060811
5 0.642977 0.873311 0.095318 0.064189
5 0.742475 0.874155 0.093645 0.065878
5 0.841973 0.875000 0.091973 0.057432
5 0.941472 0.869088 0.110368 0.076014
