5 0.757908 0.666808 0.484184 0.433276
5 0.689592 0.172664 0.129644 0.116449
5 0.598777 0.128479 0.123880 0.109774
5 0.516515 0.077466 0.116398 0.107336
5 0.435067 0.045753 0.127985 0.091507
5 0.344008 0.021301 0.126355 0.042601
5 0.620433 0.410024 0.123880 0.109774
5 0.534262 0.362631 0.124665 0.113980
5 0.448416 0.316389 0.127985 0.115626
5 0.363302 0.270560 0.128014 0.113096
5 0.279086 0.221356 0.123066 0.108098
5 0.188516 0.171496 0.127230 0.108890
5 0.506316 0.619244 0.130488 0.115596
5 0.422832 0.570453 0.127200 0.111420
5 0.330959 0.524706 0.120562 0.108129
5 0.248045 0.480110 0.117244 0.106483
5 0.160000 0.432635 0.120592 0.105599
5 0.084515 0.380690 0.119734 0.118702
5 0.387557 0.831675 0.130488 0.115596
5 0.300326 0.782719 0.118933 0.104776
5 0.218145 0.738534 0.125541 0.110597
5 0.130508 0.690318 0.124695 0.111450
5 0.051176 0.642103 0.102351 0.102246
5 0.015789 0.597040 0.031578 0.111582
