16 0.516406 0.170833 0.189062 0.144444
16 0.123438 0.347222 0.087500 0.069444
16 0.269141 0.348611 0.088281 0.066667
16 0.435156 0.349306 0.087500 0.065278
16 0.592969 0.348611 0.082812 0.066667
16 0.749609 0.348611 0.085156 0.058333
16 0.887891 0.348611 0.082031 0.072222
16 0.142187 0.552083 0.073438 0.054167
16 0.283203 0.552083 0.074219 0.054167
16 0.457422 0.550000 0.072656 0.058333
16 0.667188 0.554861 0.071875 0.051389
16 0.829688 0.554861 0.075000 0.048611
16 0.202734 0.732639 0.072656 0.051389
16 0.394922 0.712500 0.072656 0.052778
16 0.578516 0.709028 0.067969 0.051389
16 0.763672 0.711806 0.063281 0.054167
