5 0.209964 0.451002 0.419927 0.356562
5 0.610674 0.167783 0.113459 0.096201
5 0.704260 0.204802 0.108724 0.090336
5 0.796979 0.230876 0.101292 0.089325
5 0.883909 0.261265 0.111869 0.095678
5 0.962223 0.296398 0.075555 0.092465
5 0.485974 0.379906 0.108724 0.090336
5 0.578728 0.411321 0.108688 0.094631
5 0.670429 0.443278 0.111869 0.095678
5 0.761334 0.474975 0.112422 0.092988
5 0.854071 0.503719 0.108206 0.088730
5 0.947683 0.536705 0.104634 0.088694
5 0.412135 0.606102 0.114530 0.095118
5 0.504076 0.634586 0.111904 0.091382
5 0.599510 0.671325 0.105544 0.089289
5 0.688031 0.702236 0.102365 0.088243
5 0.782116 0.734978 0.106098 0.086601
5 0.876942 0.759970 0.117674 0.100459
5 0.339125 0.837903 0.114530 0.095118
5 0.433729 0.869039 0.104508 0.086077
5 0.521455 0.899688 0.110314 0.090859
5 0.615799 0.931626 0.109242 0.091942
5 0.710143 0.960936 0.105062 0.078128
5 0.806560 0.967838 0.128251 0.064325
