16 0.419125 0.181563 0.189005 0.232799
16 0.789481 0.108258 0.087944 0.109975
16 0.664272 0.192948 0.088113 0.108032
16 0.521447 0.288681 0.087189 0.106388
16 0.385432 0.378517 0.083404 0.104896
16 0.250554 0.468280 0.083910 0.099064
16 0.131483 0.547522 0.083739 0.109231
16 0.810481 0.295402 0.073064 0.088757
16 0.689056 0.376211 0.073737 0.089204
16 0.538663 0.474253 0.073147 0.091895
16 0.358921 0.598645 0.071214 0.085468
16 0.218997 0.691765 0.073401 0.084868
16 0.791083 0.485570 0.071887 0.085916
16 0.621944 0.578362 0.072139 0.087112
16 0.463227 0.680580 0.067851 0.083228
16 0.304298 0.789075 0.064318 0.082932
