16 0.599464 0.239771 0.224785 0.304052
16 0.211457 0.063372 0.104738 0.126743
16 0.337181 0.181383 0.104750 0.141209
16 0.480672 0.324489 0.103606 0.139176
16 0.617442 0.459352 0.099382 0.136515
16 0.753008 0.593810 0.099419 0.130348
16 0.872686 0.712509 0.100125 0.141296
16 0.172044 0.248505 0.086787 0.116200
16 0.294088 0.369551 0.087554 0.116871
16 0.445434 0.517295 0.087151 0.119618
16 0.625658 0.701563 0.084499 0.112132
16 0.766296 0.841050 0.086811 0.112088
16 0.175406 0.456742 0.085265 0.112803
16 0.347208 0.604284 0.085643 0.114166
16 0.507044 0.758874 0.080665 0.108779
16 0.666535 0.920213 0.076819 0.107482
